{
    "camera_angle_x": 0.6911111611634243,
    "locations": [
        {
            "index": "0000",
            "transform_matrix": [
                [
                    0.0,
                    -0.0,
                    1.0,
                    2.375
                ],
                [
                    0.0,
                    1.0,
                    0.0,
                    0.0
                ],
                [
                    -1.0,
                    0.0,
                    0.0,
                    0.0
                ],
                [
                    0.0,
                    0.0,
                    0.0,
                    1.0
                ]
            ],
            "frames": [
                {
                    "type": "render",
                    "name": "ele0_0_rgb.webp"
                },
                {
                    "type": "normal",
                    "name": "ele0_0_normal.webp"
                },
                {
                    "type": "depth",
                    "name": "ele0_0_depth.exr"
                }
            ]
        },
        {
            "index": "0001",
            "transform_matrix": [
                [
                    0.7071068286895752,
                    -0.0,
                    0.7071067690849304,
                    1.6793786053180504
                ],
                [
                    0.0,
                    1.0,
                    0.0,
                    0.0
                ],
                [
                    -0.7071068286895752,
                    0.0,
                    0.7071067690849304,
                    1.6793786053180504
                ],
                [
                    0.0,
                    0.0,
                    0.0,
                    1.0
                ]
            ],
            "frames": [
                {
                    "type": "render",
                    "name": "ele0_1_rgb.webp"
                },
                {
                    "type": "normal",
                    "name": "ele0_1_normal.webp"
                },
                {
                    "type": "depth",
                    "name": "ele0_1_depth.exr"
                }
            ]
        },
        {
            "index": "0002",
            "transform_matrix": [
                [
                    1.0,
                    -0.0,
                    6.123234262925839e-17,
                    1.45426808781405e-16
                ],
                [
                    0.0,
                    1.0,
                    0.0,
                    0.0
                ],
                [
                    -6.123234262925839e-17,
                    0.0,
                    1.0,
                    2.375
                ],
                [
                    0.0,
                    0.0,
                    0.0,
                    1.0
                ]
            ],
            "frames": [
                {
                    "type": "render",
                    "name": "ele0_2_rgb.webp"
                },
                {
                    "type": "normal",
                    "name": "ele0_2_normal.webp"
                },
                {
                    "type": "depth",
                    "name": "ele0_2_depth.exr"
                }
            ]
        },
        {
            "index": "0003",
            "transform_matrix": [
                [
                    0.7071068286895752,
                    0.0,
                    -0.7071067690849304,
                    -1.6793786053180504
                ],
                [
                    -0.0,
                    1.0,
                    0.0,
                    0.0
                ],
                [
                    0.7071068286895752,
                    0.0,
                    0.7071067690849304,
                    1.6793786053180504
                ],
                [
                    0.0,
                    0.0,
                    0.0,
                    1.0
                ]
            ],
            "frames": [
                {
                    "type": "render",
                    "name": "ele0_3_rgb.webp"
                },
                {
                    "type": "normal",
                    "name": "ele0_3_normal.webp"
                },
                {
                    "type": "depth",
                    "name": "ele0_3_depth.exr"
                }
            ]
        },
        {
            "index": "0004",
            "transform_matrix": [
                [
                    1.2246468525851679e-16,
                    0.0,
                    -1.0,
                    -2.375
                ],
                [
                    -0.0,
                    1.0,
                    0.0,
                    0.0
                ],
                [
                    1.0,
                    0.0,
                    1.2246468525851679e-16,
                    2.9085361756281e-16
                ],
                [
                    0.0,
                    0.0,
                    0.0,
                    1.0
                ]
            ],
            "frames": [
                {
                    "type": "render",
                    "name": "ele0_4_rgb.webp"
                },
                {
                    "type": "normal",
                    "name": "ele0_4_normal.webp"
                },
                {
                    "type": "depth",
                    "name": "ele0_4_depth.exr"
                }
            ]
        },
        {
            "index": "0005",
            "transform_matrix": [
                [
                    -0.7071068286895752,
                    0.0,
                    -0.7071067690849304,
                    -1.6793786053180504
                ],
                [
                    0.0,
                    1.0,
                    0.0,
                    0.0
                ],
                [
                    0.7071068286895752,
                    0.0,
                    -0.7071067690849304,
                    -1.6793786053180504
                ],
                [
                    0.0,
                    0.0,
                    0.0,
                    1.0
                ]
            ],
            "frames": [
                {
                    "type": "render",
                    "name": "ele0_5_rgb.webp"
                },
                {
                    "type": "normal",
                    "name": "ele0_5_normal.webp"
                },
                {
                    "type": "depth",
                    "name": "ele0_5_depth.exr"
                }
            ]
        },
        {
            "index": "0006",
            "transform_matrix": [
                [
                    -1.0,
                    0.0,
                    -1.8369701465288538e-16,
                    -4.362804131093252e-16
                ],
                [
                    0.0,
                    1.0,
                    0.0,
                    0.0
                ],
                [
                    1.8369701465288538e-16,
                    0.0,
                    -1.0,
                    -2.375
                ],
                [
                    0.0,
                    0.0,
                    0.0,
                    1.0
                ]
            ],
            "frames": [
                {
                    "type": "render",
                    "name": "ele0_6_rgb.webp"
                },
                {
                    "type": "normal",
                    "name": "ele0_6_normal.webp"
                },
                {
                    "type": "depth",
                    "name": "ele0_6_depth.exr"
                }
            ]
        },
        {
            "index": "0007",
            "transform_matrix": [
                [
                    -0.7071068286895752,
                    0.0,
                    0.7071067690849304,
                    1.6793786053180504
                ],
                [
                    0.0,
                    1.0,
                    0.0,
                    0.0
                ],
                [
                    -0.7071068286895752,
                    0.0,
                    -0.7071067690849304,
                    -1.6793786053180504
                ],
                [
                    0.0,
                    0.0,
                    0.0,
                    1.0
                ]
            ],
            "frames": [
                {
                    "type": "render",
                    "name": "ele0_7_rgb.webp"
                },
                {
                    "type": "normal",
                    "name": "ele0_7_normal.webp"
                },
                {
                    "type": "depth",
                    "name": "ele0_7_depth.exr"
                }
            ]
        },
        {
            "index": "0008",
            "transform_matrix": [
                [
                    0.0,
                    -0.3420201241970062,
                    0.9396926760673523,
                    2.2317699881010826
                ],
                [
                    0.0,
                    0.9396926760673523,
                    0.3420201241970062,
                    0.812297802663096
                ],
                [
                    -1.0,
                    0.0,
                    0.0,
                    0.0
                ],
                [
                    0.0,
                    0.0,
                    0.0,
                    1.0
                ]
            ],
            "frames": [
                {
                    "type": "render",
                    "name": "ele20_0_rgb.webp"
                },
                {
                    "type": "normal",
                    "name": "ele20_0_normal.webp"
                },
                {
                    "type": "depth",
                    "name": "ele20_0_depth.exr"
                }
            ]
        },
        {
            "index": "0009",
            "transform_matrix": [
                [
                    0.7071068286895752,
                    -0.2418447583913803,
                    0.6644630432128906,
                    1.578099692551168
                ],
                [
                    0.0,
                    0.9396927356719971,
                    0.3420201241970062,
                    0.8122978029884215
                ],
                [
                    -0.7071068286895752,
                    -0.2418447583913803,
                    0.6644630432128906,
                    1.578099692551168
                ],
                [
                    0.0,
                    0.0,
                    0.0,
                    1.0
                ]
            ],
            "frames": [
                {
                    "type": "render",
                    "name": "ele20_1_rgb.webp"
                },
                {
                    "type": "normal",
                    "name": "ele20_1_normal.webp"
                },
                {
                    "type": "depth",
                    "name": "ele20_1_depth.exr"
                }
            ]
        },
        {
            "index": "0010",
            "transform_matrix": [
                [
                    1.0,
                    -2.0942691097515563e-17,
                    5.753957676425016e-17,
                    1.3665649420417917e-16
                ],
                [
                    0.0,
                    0.9396926760673523,
                    0.3420201241970062,
                    0.812297802663096
                ],
                [
                    -6.123233601181349e-17,
                    -0.3420201241970062,
                    0.9396926760673523,
                    2.2317699881010826
                ],
                [
                    0.0,
                    0.0,
                    0.0,
                    1.0
                ]
            ],
            "frames": [
                {
                    "type": "render",
                    "name": "ele20_2_rgb.webp"
                },
                {
                    "type": "normal",
                    "name": "ele20_2_normal.webp"
                },
                {
                    "type": "depth",
                    "name": "ele20_2_depth.exr"
                }
            ]
        },
        {
            "index": "0011",
            "transform_matrix": [
                [
                    0.7071068286895752,
                    0.2418447583913803,
                    -0.6644630432128906,
                    -1.578099692551168
                ],
                [
                    -0.0,
                    0.9396927356719971,
                    0.3420201241970062,
                    0.8122978029884215
                ],
                [
                    0.7071068286895752,
                    -0.2418447583913803,
                    0.6644630432128906,
                    1.578099692551168
                ],
                [
                    0.0,
                    0.0,
                    0.0,
                    1.0
                ]
            ],
            "frames": [
                {
                    "type": "render",
                    "name": "ele20_3_rgb.webp"
                },
                {
                    "type": "normal",
                    "name": "ele20_3_normal.webp"
                },
                {
                    "type": "depth",
                    "name": "ele20_3_depth.exr"
                }
            ]
        },
        {
            "index": "0012",
            "transform_matrix": [
                [
                    1.2246467202362698e-16,
                    0.3420201241970062,
                    -0.9396926760673523,
                    -2.2317699881010826
                ],
                [
                    -0.0,
                    0.9396926760673523,
                    0.3420201241970062,
                    0.812297802663096
                ],
                [
                    1.0,
                    -4.1885382195031126e-17,
                    1.1507915352850032e-16,
                    2.7331298840835835e-16
                ],
                [
                    0.0,
                    0.0,
                    0.0,
                    1.0
                ]
            ],
            "frames": [
                {
                    "type": "render",
                    "name": "ele20_4_rgb.webp"
                },
                {
                    "type": "normal",
                    "name": "ele20_4_normal.webp"
                },
                {
                    "type": "depth",
                    "name": "ele20_4_depth.exr"
                }
            ]
        },
        {
            "index": "0013",
            "transform_matrix": [
                [
                    -0.7071068286895752,
                    0.2418447583913803,
                    -0.6644630432128906,
                    -1.578099692551168
                ],
                [
                    0.0,
                    0.9396927356719971,
                    0.3420201241970062,
                    0.8122978029884215
                ],
                [
                    0.7071068286895752,
                    0.2418447583913803,
                    -0.6644630432128906,
                    -1.578099692551168
                ],
                [
                    0.0,
                    0.0,
                    0.0,
                    1.0
                ]
            ],
            "frames": [
                {
                    "type": "render",
                    "name": "ele20_5_rgb.webp"
                },
                {
                    "type": "normal",
                    "name": "ele20_5_normal.webp"
                },
                {
                    "type": "depth",
                    "name": "ele20_5_depth.exr"
                }
            ]
        },
        {
            "index": "0014",
            "transform_matrix": [
                [
                    -1.0,
                    6.282807329254669e-17,
                    -1.7261873691019539e-16,
                    -4.09969495847427e-16
                ],
                [
                    0.0,
                    0.9396926760673523,
                    0.3420201241970062,
                    0.812297802663096
                ],
                [
                    1.8369701465288538e-16,
                    0.3420201241970062,
                    -0.9396926760673523,
                    -2.2317699881010826
                ],
                [
                    0.0,
                    0.0,
                    0.0,
                    1.0
                ]
            ],
            "frames": [
                {
                    "type": "render",
                    "name": "ele20_6_rgb.webp"
                },
                {
                    "type": "normal",
                    "name": "ele20_6_normal.webp"
                },
                {
                    "type": "depth",
                    "name": "ele20_6_depth.exr"
                }
            ]
        },
        {
            "index": "0015",
            "transform_matrix": [
                [
                    -0.7071068286895752,
                    -0.2418447583913803,
                    0.6644630432128906,
                    1.578099692551168
                ],
                [
                    0.0,
                    0.9396927356719971,
                    0.3420201241970062,
                    0.8122978029884215
                ],
                [
                    -0.7071068286895752,
                    0.2418447583913803,
                    -0.6644630432128906,
                    -1.578099692551168
                ],
                [
                    0.0,
                    0.0,
                    0.0,
                    1.0
                ]
            ],
            "frames": [
                {
                    "type": "render",
                    "name": "ele20_7_rgb.webp"
                },
                {
                    "type": "normal",
                    "name": "ele20_7_normal.webp"
                },
                {
                    "type": "depth",
                    "name": "ele20_7_depth.exr"
                }
            ]
        },
        {
            "index": "0016",
            "transform_matrix": [
                [
                    0.8120075464248657,
                    -0.24578522145748138,
                    0.5293707847595215,
                    1.257255560623869
                ],
                [
                    0.0,
                    0.9070051312446594,
                    0.4211196303367615,
                    1.0001591495124225
                ],
                [
                    -0.5836470127105713,
                    -0.3419523239135742,
                    0.7364949584007263,
                    1.749175557491857
                ],
                [
                    0.0,
                    0.0,
                    0.0,
                    1.0
                ]
            ],
            "frames": [
                {
                    "type": "render",
                    "name": "rand_0_rgb.webp"
                },
                {
                    "type": "normal",
                    "name": "rand_0_normal.webp"
                },
                {
                    "type": "depth",
                    "name": "rand_0_depth.exr"
                }
            ]
        },
        {
            "index": "0017",
            "transform_matrix": [
                [
                    0.5255558490753174,
                    0.37830430269241333,
                    -0.762021541595459,
                    -1.8098011789539075
                ],
                [
                    -0.0,
                    0.8956960439682007,
                    0.4446668028831482,
                    1.056083654725758
                ],
                [
                    0.8507590293884277,
                    -0.23369723558425903,
                    0.47073835134506226,
                    1.1180035808878843
                ],
                [
                    0.0,
                    0.0,
                    0.0,
                    1.0
                ]
            ],
            "frames": [
                {
                    "type": "render",
                    "name": "rand_1_rgb.webp"
                },
                {
                    "type": "normal",
                    "name": "rand_1_normal.webp"
                },
                {
                    "type": "depth",
                    "name": "rand_1_depth.exr"
                }
            ]
        },
        {
            "index": "0018",
            "transform_matrix": [
                [
                    -0.6572418808937073,
                    0.4387306272983551,
                    0.6128201484680176,
                    1.4554477720825096
                ],
                [
                    0.0,
                    0.8131042122840881,
                    -0.5821182131767273,
                    -1.3825306693634143
                ],
                [
                    -0.753679633140564,
                    -0.38259246945381165,
                    -0.5344061851501465,
                    -1.269214611879965
                ],
                [
                    0.0,
                    0.0,
                    0.0,
                    1.0
                ]
            ],
            "frames": [
                {
                    "type": "render",
                    "name": "rand_2_rgb.webp"
                },
                {
                    "type": "normal",
                    "name": "rand_2_normal.webp"
                },
                {
                    "type": "depth",
                    "name": "rand_2_depth.exr"
                }
            ]
        },
        {
            "index": "0019",
            "transform_matrix": [
                [
                    0.8315970301628113,
                    -0.5535839796066284,
                    0.04462176188826561,
                    0.10597668584801717
                ],
                [
                    0.0,
                    0.08034463226795197,
                    0.9967671632766724,
                    2.3673219673281074
                ],
                [
                    -0.5553794503211975,
                    -0.8289086222648621,
                    0.0668143630027771,
                    0.1586841046307078
                ],
                [
                    0.0,
                    0.0,
                    0.0,
                    1.0
                ]
            ],
            "frames": [
                {
                    "type": "render",
                    "name": "rand_3_rgb.webp"
                },
                {
                    "type": "normal",
                    "name": "rand_3_normal.webp"
                },
                {
                    "type": "depth",
                    "name": "rand_3_depth.exr"
                }
            ]
        },
        {
            "index": "0020",
            "transform_matrix": [
                [
                    0.9311915636062622,
                    0.20321066677570343,
                    0.30263474583625793,
                    0.7187575106916457
                ],
                [
                    0.0,
                    0.8302046060562134,
                    -0.5574588179588318,
                    -1.323964715936773
                ],
                [
                    -0.3645303547382355,
                    0.5191009640693665,
                    0.7730794548988342,
                    1.8360637439312415
                ],
                [
                    0.0,
                    0.0,
                    0.0,
                    1.0
                ]
            ],
            "frames": [
                {
                    "type": "render",
                    "name": "rand_4_rgb.webp"
                },
                {
                    "type": "normal",
                    "name": "rand_4_normal.webp"
                },
                {
                    "type": "depth",
                    "name": "rand_4_depth.exr"
                }
            ]
        },
        {
            "index": "0021",
            "transform_matrix": [
                [
                    -0.8045641183853149,
                    -0.1378776729106903,
                    -0.577638566493988,
                    -1.3718916361614906
                ],
                [
                    0.0,
                    0.9726752638816833,
                    -0.2321697324514389,
                    -0.5514031126490212
                ],
                [
                    0.5938658118247986,
                    -0.1867954432964325,
                    -0.7825796008110046,
                    -1.8586266289901043
                ],
                [
                    0.0,
                    0.0,
                    0.0,
                    1.0
                ]
            ],
            "frames": [
                {
                    "type": "render",
                    "name": "rand_5_rgb.webp"
                },
                {
                    "type": "normal",
                    "name": "rand_5_normal.webp"
                },
                {
                    "type": "depth",
                    "name": "rand_5_depth.exr"
                }
            ]
        },
        {
            "index": "0022",
            "transform_matrix": [
                [
                    -0.14545966684818268,
                    -0.5682466626167297,
                    -0.8098995089530945,
                    -1.9235113827532837
                ],
                [
                    0.0,
                    0.8186060786247253,
                    -0.5743553638458252,
                    -1.364094016692078
                ],
                [
                    0.9893642067909241,
                    -0.08354554325342178,
                    -0.11907415837049484,
                    -0.2828011210080746
                ],
                [
                    0.0,
                    0.0,
                    0.0,
                    1.0
                ]
            ],
            "frames": [
                {
                    "type": "render",
                    "name": "rand_6_rgb.webp"
                },
                {
                    "type": "normal",
                    "name": "rand_6_normal.webp"
                },
                {
                    "type": "depth",
                    "name": "rand_6_depth.exr"
                }
            ]
        },
        {
            "index": "0023",
            "transform_matrix": [
                [
                    -0.7135501503944397,
                    -0.6743333339691162,
                    0.19005469977855682,
                    0.4513799122972132
                ],
                [
                    0.0,
                    0.27127259969711304,
                    0.9625025391578674,
                    2.285943594682388
                ],
                [
                    -0.7006042003631592,
                    0.6867938041687012,
                    -0.19356657564640045,
                    -0.45972062897494975
                ],
                [
                    0.0,
                    0.0,
                    0.0,
                    1.0
                ]
            ],
            "frames": [
                {
                    "type": "render",
                    "name": "rand_7_rgb.webp"
                },
                {
                    "type": "normal",
                    "name": "rand_7_normal.webp"
                },
                {
                    "type": "depth",
                    "name": "rand_7_depth.exr"
                }
            ]
        }
    ]
}
